TP= 256
TE= 4
NF= 16
NC= 16
NR= 768
MP= 4
[1,0,0],0,0
[2,0,0],4,0
[3,0,0],8,0
[1,0,1],0,4
[2,0,1],4,4
[3,0,1],8,4
[1,0,2],0,8
[2,0,2],4,8
[3,0,2],8,8
[1,0,3],0,12
[2,0,3],4,12
[3,0,3],8,12
[1,0,4],0,16
[2,0,4],4,16
[3,0,4],8,16
[1,0,5],0,20
[2,0,5],4,20
[3,0,5],8,20
[1,0,6],0,24
[2,0,6],4,24
[3,0,6],8,24
[1,0,7],0,28
[2,0,7],4,28
[3,0,7],8,28
[1,0,8],0,32
[2,0,8],4,32
[3,0,8],8,32
[1,0,9],0,36
[2,0,9],4,36
[3,0,9],8,36
[1,0,10],0,40
[2,0,10],4,40
[3,0,10],8,40
[1,0,11],0,44
[2,0,11],4,44
[3,0,11],8,44
[1,0,12],0,48
[2,0,12],4,48
[3,0,12],8,48
[1,0,13],0,52
[2,0,13],4,52
[3,0,13],8,52
[1,0,14],0,56
[2,0,14],4,56
[3,0,14],8,56
[1,0,15],0,60
[2,0,15],4,60
[3,0,15],8,60
[1,1,0],0,64
[2,1,0],4,64
[3,1,0],8,64
[1,1,1],0,68
[2,1,1],4,68
[3,1,1],8,68
[1,1,2],0,72
[2,1,2],4,72
[3,1,2],8,72
[1,1,3],0,76
[2,1,3],4,76
[3,1,3],8,76
[1,1,4],0,80
[2,1,4],4,80
[3,1,4],8,80
[1,1,5],0,84
[2,1,5],4,84
[3,1,5],8,84
[1,1,6],0,88
[2,1,6],4,88
[3,1,6],8,88
[1,1,7],0,92
[2,1,7],4,92
[3,1,7],8,92
[1,1,8],0,96
[2,1,8],4,96
[3,1,8],8,96
[1,1,9],0,100
[2,1,9],4,100
[3,1,9],8,100
[1,1,10],0,104
[2,1,10],4,104
[3,1,10],8,104
[1,1,11],0,108
[2,1,11],4,108
[3,1,11],8,108
[1,1,12],0,112
[2,1,12],4,112
[3,1,12],8,112
[1,1,13],0,116
[2,1,13],4,116
[3,1,13],8,116
[1,1,14],0,120
[2,1,14],4,120
[3,1,14],8,120
[1,1,15],0,124
[2,1,15],4,124
[3,1,15],8,124
[1,2,0],0,128
[2,2,0],4,128
[3,2,0],8,128
[1,2,1],0,132
[2,2,1],4,132
[3,2,1],8,132
[1,2,2],0,136
[2,2,2],4,136
[3,2,2],8,136
[1,2,3],0,140
[2,2,3],4,140
[3,2,3],8,140
[1,2,4],0,144
[2,2,4],4,144
[3,2,4],8,144
[1,2,5],0,148
[2,2,5],4,148
[3,2,5],8,148
[1,2,6],0,152
[2,2,6],4,152
[3,2,6],8,152
[1,2,7],0,156
[2,2,7],4,156
[3,2,7],8,156
[1,2,8],0,160
[2,2,8],4,160
[3,2,8],8,160
[1,2,9],0,164
[2,2,9],4,164
[3,2,9],8,164
[1,2,10],0,168
[2,2,10],4,168
[3,2,10],8,168
[1,2,11],0,172
[2,2,11],4,172
[3,2,11],8,172
[1,2,12],0,176
[2,2,12],4,176
[3,2,12],8,176
[1,2,13],0,180
[2,2,13],4,180
[3,2,13],8,180
[1,2,14],0,184
[2,2,14],4,184
[3,2,14],8,184
[1,2,15],0,188
[2,2,15],4,188
[3,2,15],8,188
[1,3,0],0,192
[2,3,0],4,192
[3,3,0],8,192
[1,3,1],0,196
[2,3,1],4,196
[3,3,1],8,196
[1,3,2],0,200
[2,3,2],4,200
[3,3,2],8,200
[1,3,3],0,204
[2,3,3],4,204
[3,3,3],8,204
[1,3,4],0,208
[2,3,4],4,208
[3,3,4],8,208
[1,3,5],0,212
[2,3,5],4,212
[3,3,5],8,212
[1,3,6],0,216
[2,3,6],4,216
[3,3,6],8,216
[1,3,7],0,220
[2,3,7],4,220
[3,3,7],8,220
[1,3,8],0,224
[2,3,8],4,224
[3,3,8],8,224
[1,3,9],0,228
[2,3,9],4,228
[3,3,9],8,228
[1,3,10],0,232
[2,3,10],4,232
[3,3,10],8,232
[1,3,11],0,236
[2,3,11],4,236
[3,3,11],8,236
[1,3,12],0,240
[2,3,12],4,240
[3,3,12],8,240
[1,3,13],0,244
[2,3,13],4,244
[3,3,13],8,244
[1,3,14],0,248
[2,3,14],4,248
[3,3,14],8,248
[1,3,15],0,252
[2,3,15],4,252
[3,3,15],8,252
[1,4,0],1,0
[2,4,0],5,0
[3,4,0],9,0
[1,4,1],1,4
[2,4,1],5,4
[3,4,1],9,4
[1,4,2],1,8
[2,4,2],5,8
[3,4,2],9,8
[1,4,3],1,12
[2,4,3],5,12
[3,4,3],9,12
[1,4,4],1,16
[2,4,4],5,16
[3,4,4],9,16
[1,4,5],1,20
[2,4,5],5,20
[3,4,5],9,20
[1,4,6],1,24
[2,4,6],5,24
[3,4,6],9,24
[1,4,7],1,28
[2,4,7],5,28
[3,4,7],9,28
[1,4,8],1,32
[2,4,8],5,32
[3,4,8],9,32
[1,4,9],1,36
[2,4,9],5,36
[3,4,9],9,36
[1,4,10],1,40
[2,4,10],5,40
[3,4,10],9,40
[1,4,11],1,44
[2,4,11],5,44
[3,4,11],9,44
[1,4,12],1,48
[2,4,12],5,48
[3,4,12],9,48
[1,4,13],1,52
[2,4,13],5,52
[3,4,13],9,52
[1,4,14],1,56
[2,4,14],5,56
[3,4,14],9,56
[1,4,15],1,60
[2,4,15],5,60
[3,4,15],9,60
[1,5,0],1,64
[2,5,0],5,64
[3,5,0],9,64
[1,5,1],1,68
[2,5,1],5,68
[3,5,1],9,68
[1,5,2],1,72
[2,5,2],5,72
[3,5,2],9,72
[1,5,3],1,76
[2,5,3],5,76
[3,5,3],9,76
[1,5,4],1,80
[2,5,4],5,80
[3,5,4],9,80
[1,5,5],1,84
[2,5,5],5,84
[3,5,5],9,84
[1,5,6],1,88
[2,5,6],5,88
[3,5,6],9,88
[1,5,7],1,92
[2,5,7],5,92
[3,5,7],9,92
[1,5,8],1,96
[2,5,8],5,96
[3,5,8],9,96
[1,5,9],1,100
[2,5,9],5,100
[3,5,9],9,100
[1,5,10],1,104
[2,5,10],5,104
[3,5,10],9,104
[1,5,11],1,108
[2,5,11],5,108
[3,5,11],9,108
[1,5,12],1,112
[2,5,12],5,112
[3,5,12],9,112
[1,5,13],1,116
[2,5,13],5,116
[3,5,13],9,116
[1,5,14],1,120
[2,5,14],5,120
[3,5,14],9,120
[1,5,15],1,124
[2,5,15],5,124
[3,5,15],9,124
[1,6,0],1,128
[2,6,0],5,128
[3,6,0],9,128
[1,6,1],1,132
[2,6,1],5,132
[3,6,1],9,132
[1,6,2],1,136
[2,6,2],5,136
[3,6,2],9,136
[1,6,3],1,140
[2,6,3],5,140
[3,6,3],9,140
[1,6,4],1,144
[2,6,4],5,144
[3,6,4],9,144
[1,6,5],1,148
[2,6,5],5,148
[3,6,5],9,148
[1,6,6],1,152
[2,6,6],5,152
[3,6,6],9,152
[1,6,7],1,156
[2,6,7],5,156
[3,6,7],9,156
[1,6,8],1,160
[2,6,8],5,160
[3,6,8],9,160
[1,6,9],1,164
[2,6,9],5,164
[3,6,9],9,164
[1,6,10],1,168
[2,6,10],5,168
[3,6,10],9,168
[1,6,11],1,172
[2,6,11],5,172
[3,6,11],9,172
[1,6,12],1,176
[2,6,12],5,176
[3,6,12],9,176
[1,6,13],1,180
[2,6,13],5,180
[3,6,13],9,180
[1,6,14],1,184
[2,6,14],5,184
[3,6,14],9,184
[1,6,15],1,188
[2,6,15],5,188
[3,6,15],9,188
[1,7,0],1,192
[2,7,0],5,192
[3,7,0],9,192
[1,7,1],1,196
[2,7,1],5,196
[3,7,1],9,196
[1,7,2],1,200
[2,7,2],5,200
[3,7,2],9,200
[1,7,3],1,204
[2,7,3],5,204
[3,7,3],9,204
[1,7,4],1,208
[2,7,4],5,208
[3,7,4],9,208
[1,7,5],1,212
[2,7,5],5,212
[3,7,5],9,212
[1,7,6],1,216
[2,7,6],5,216
[3,7,6],9,216
[1,7,7],1,220
[2,7,7],5,220
[3,7,7],9,220
[1,7,8],1,224
[2,7,8],5,224
[3,7,8],9,224
[1,7,9],1,228
[2,7,9],5,228
[3,7,9],9,228
[1,7,10],1,232
[2,7,10],5,232
[3,7,10],9,232
[1,7,11],1,236
[2,7,11],5,236
[3,7,11],9,236
[1,7,12],1,240
[2,7,12],5,240
[3,7,12],9,240
[1,7,13],1,244
[2,7,13],5,244
[3,7,13],9,244
[1,7,14],1,248
[2,7,14],5,248
[3,7,14],9,248
[1,7,15],1,252
[2,7,15],5,252
[3,7,15],9,252
[1,8,0],2,0
[2,8,0],6,0
[3,8,0],10,0
[1,8,1],2,4
[2,8,1],6,4
[3,8,1],10,4
[1,8,2],2,8
[2,8,2],6,8
[3,8,2],10,8
[1,8,3],2,12
[2,8,3],6,12
[3,8,3],10,12
[1,8,4],2,16
[2,8,4],6,16
[3,8,4],10,16
[1,8,5],2,20
[2,8,5],6,20
[3,8,5],10,20
[1,8,6],2,24
[2,8,6],6,24
[3,8,6],10,24
[1,8,7],2,28
[2,8,7],6,28
[3,8,7],10,28
[1,8,8],2,32
[2,8,8],6,32
[3,8,8],10,32
[1,8,9],2,36
[2,8,9],6,36
[3,8,9],10,36
[1,8,10],2,40
[2,8,10],6,40
[3,8,10],10,40
[1,8,11],2,44
[2,8,11],6,44
[3,8,11],10,44
[1,8,12],2,48
[2,8,12],6,48
[3,8,12],10,48
[1,8,13],2,52
[2,8,13],6,52
[3,8,13],10,52
[1,8,14],2,56
[2,8,14],6,56
[3,8,14],10,56
[1,8,15],2,60
[2,8,15],6,60
[3,8,15],10,60
[1,9,0],2,64
[2,9,0],6,64
[3,9,0],10,64
[1,9,1],2,68
[2,9,1],6,68
[3,9,1],10,68
[1,9,2],2,72
[2,9,2],6,72
[3,9,2],10,72
[1,9,3],2,76
[2,9,3],6,76
[3,9,3],10,76
[1,9,4],2,80
[2,9,4],6,80
[3,9,4],10,80
[1,9,5],2,84
[2,9,5],6,84
[3,9,5],10,84
[1,9,6],2,88
[2,9,6],6,88
[3,9,6],10,88
[1,9,7],2,92
[2,9,7],6,92
[3,9,7],10,92
[1,9,8],2,96
[2,9,8],6,96
[3,9,8],10,96
[1,9,9],2,100
[2,9,9],6,100
[3,9,9],10,100
[1,9,10],2,104
[2,9,10],6,104
[3,9,10],10,104
[1,9,11],2,108
[2,9,11],6,108
[3,9,11],10,108
[1,9,12],2,112
[2,9,12],6,112
[3,9,12],10,112
[1,9,13],2,116
[2,9,13],6,116
[3,9,13],10,116
[1,9,14],2,120
[2,9,14],6,120
[3,9,14],10,120
[1,9,15],2,124
[2,9,15],6,124
[3,9,15],10,124
[1,10,0],2,128
[2,10,0],6,128
[3,10,0],10,128
[1,10,1],2,132
[2,10,1],6,132
[3,10,1],10,132
[1,10,2],2,136
[2,10,2],6,136
[3,10,2],10,136
[1,10,3],2,140
[2,10,3],6,140
[3,10,3],10,140
[1,10,4],2,144
[2,10,4],6,144
[3,10,4],10,144
[1,10,5],2,148
[2,10,5],6,148
[3,10,5],10,148
[1,10,6],2,152
[2,10,6],6,152
[3,10,6],10,152
[1,10,7],2,156
[2,10,7],6,156
[3,10,7],10,156
[1,10,8],2,160
[2,10,8],6,160
[3,10,8],10,160
[1,10,9],2,164
[2,10,9],6,164
[3,10,9],10,164
[1,10,10],2,168
[2,10,10],6,168
[3,10,10],10,168
[1,10,11],2,172
[2,10,11],6,172
[3,10,11],10,172
[1,10,12],2,176
[2,10,12],6,176
[3,10,12],10,176
[1,10,13],2,180
[2,10,13],6,180
[3,10,13],10,180
[1,10,14],2,184
[2,10,14],6,184
[3,10,14],10,184
[1,10,15],2,188
[2,10,15],6,188
[3,10,15],10,188
[1,11,0],2,192
[2,11,0],6,192
[3,11,0],10,192
[1,11,1],2,196
[2,11,1],6,196
[3,11,1],10,196
[1,11,2],2,200
[2,11,2],6,200
[3,11,2],10,200
[1,11,3],2,204
[2,11,3],6,204
[3,11,3],10,204
[1,11,4],2,208
[2,11,4],6,208
[3,11,4],10,208
[1,11,5],2,212
[2,11,5],6,212
[3,11,5],10,212
[1,11,6],2,216
[2,11,6],6,216
[3,11,6],10,216
[1,11,7],2,220
[2,11,7],6,220
[3,11,7],10,220
[1,11,8],2,224
[2,11,8],6,224
[3,11,8],10,224
[1,11,9],2,228
[2,11,9],6,228
[3,11,9],10,228
[1,11,10],2,232
[2,11,10],6,232
[3,11,10],10,232
[1,11,11],2,236
[2,11,11],6,236
[3,11,11],10,236
[1,11,12],2,240
[2,11,12],6,240
[3,11,12],10,240
[1,11,13],2,244
[2,11,13],6,244
[3,11,13],10,244
[1,11,14],2,248
[2,11,14],6,248
[3,11,14],10,248
[1,11,15],2,252
[2,11,15],6,252
[3,11,15],10,252
[1,12,0],3,0
[2,12,0],7,0
[3,12,0],11,0
[1,12,1],3,4
[2,12,1],7,4
[3,12,1],11,4
[1,12,2],3,8
[2,12,2],7,8
[3,12,2],11,8
[1,12,3],3,12
[2,12,3],7,12
[3,12,3],11,12
[1,12,4],3,16
[2,12,4],7,16
[3,12,4],11,16
[1,12,5],3,20
[2,12,5],7,20
[3,12,5],11,20
[1,12,6],3,24
[2,12,6],7,24
[3,12,6],11,24
[1,12,7],3,28
[2,12,7],7,28
[3,12,7],11,28
[1,12,8],3,32
[2,12,8],7,32
[3,12,8],11,32
[1,12,9],3,36
[2,12,9],7,36
[3,12,9],11,36
[1,12,10],3,40
[2,12,10],7,40
[3,12,10],11,40
[1,12,11],3,44
[2,12,11],7,44
[3,12,11],11,44
[1,12,12],3,48
[2,12,12],7,48
[3,12,12],11,48
[1,12,13],3,52
[2,12,13],7,52
[3,12,13],11,52
[1,12,14],3,56
[2,12,14],7,56
[3,12,14],11,56
[1,12,15],3,60
[2,12,15],7,60
[3,12,15],11,60
[1,13,0],3,64
[2,13,0],7,64
[3,13,0],11,64
[1,13,1],3,68
[2,13,1],7,68
[3,13,1],11,68
[1,13,2],3,72
[2,13,2],7,72
[3,13,2],11,72
[1,13,3],3,76
[2,13,3],7,76
[3,13,3],11,76
[1,13,4],3,80
[2,13,4],7,80
[3,13,4],11,80
[1,13,5],3,84
[2,13,5],7,84
[3,13,5],11,84
[1,13,6],3,88
[2,13,6],7,88
[3,13,6],11,88
[1,13,7],3,92
[2,13,7],7,92
[3,13,7],11,92
[1,13,8],3,96
[2,13,8],7,96
[3,13,8],11,96
[1,13,9],3,100
[2,13,9],7,100
[3,13,9],11,100
[1,13,10],3,104
[2,13,10],7,104
[3,13,10],11,104
[1,13,11],3,108
[2,13,11],7,108
[3,13,11],11,108
[1,13,12],3,112
[2,13,12],7,112
[3,13,12],11,112
[1,13,13],3,116
[2,13,13],7,116
[3,13,13],11,116
[1,13,14],3,120
[2,13,14],7,120
[3,13,14],11,120
[1,13,15],3,124
[2,13,15],7,124
[3,13,15],11,124
[1,14,0],3,128
[2,14,0],7,128
[3,14,0],11,128
[1,14,1],3,132
[2,14,1],7,132
[3,14,1],11,132
[1,14,2],3,136
[2,14,2],7,136
[3,14,2],11,136
[1,14,3],3,140
[2,14,3],7,140
[3,14,3],11,140
[1,14,4],3,144
[2,14,4],7,144
[3,14,4],11,144
[1,14,5],3,148
[2,14,5],7,148
[3,14,5],11,148
[1,14,6],3,152
[2,14,6],7,152
[3,14,6],11,152
[1,14,7],3,156
[2,14,7],7,156
[3,14,7],11,156
[1,14,8],3,160
[2,14,8],7,160
[3,14,8],11,160
[1,14,9],3,164
[2,14,9],7,164
[3,14,9],11,164
[1,14,10],3,168
[2,14,10],7,168
[3,14,10],11,168
[1,14,11],3,172
[2,14,11],7,172
[3,14,11],11,172
[1,14,12],3,176
[2,14,12],7,176
[3,14,12],11,176
[1,14,13],3,180
[2,14,13],7,180
[3,14,13],11,180
[1,14,14],3,184
[2,14,14],7,184
[3,14,14],11,184
[1,14,15],3,188
[2,14,15],7,188
[3,14,15],11,188
[1,15,0],3,192
[2,15,0],7,192
[3,15,0],11,192
[1,15,1],3,196
[2,15,1],7,196
[3,15,1],11,196
[1,15,2],3,200
[2,15,2],7,200
[3,15,2],11,200
[1,15,3],3,204
[2,15,3],7,204
[3,15,3],11,204
[1,15,4],3,208
[2,15,4],7,208
[3,15,4],11,208
[1,15,5],3,212
[2,15,5],7,212
[3,15,5],11,212
[1,15,6],3,216
[2,15,6],7,216
[3,15,6],11,216
[1,15,7],3,220
[2,15,7],7,220
[3,15,7],11,220
[1,15,8],3,224
[2,15,8],7,224
[3,15,8],11,224
[1,15,9],3,228
[2,15,9],7,228
[3,15,9],11,228
[1,15,10],3,232
[2,15,10],7,232
[3,15,10],11,232
[1,15,11],3,236
[2,15,11],7,236
[3,15,11],11,236
[1,15,12],3,240
[2,15,12],7,240
[3,15,12],11,240
[1,15,13],3,244
[2,15,13],7,244
[3,15,13],11,244
[1,15,14],3,248
[2,15,14],7,248
[3,15,14],11,248
[1,15,15],3,252
[2,15,15],7,252
[3,15,15],11,252
