TP= 256
TE= 4
NF= 13
NC= 7
NR= 273
MP= 4
[1,0,0],0,0
[2,0,0],1,108
[3,0,0],2,216
[1,0,1],0,4
[2,0,1],1,112
[3,0,1],2,220
[1,0,2],0,8
[2,0,2],1,116
[3,0,2],2,224
[1,0,3],0,12
[2,0,3],1,120
[3,0,3],2,228
[1,0,4],0,16
[2,0,4],1,124
[3,0,4],2,232
[1,0,5],0,20
[2,0,5],1,128
[3,0,5],2,236
[1,0,6],0,24
[2,0,6],1,132
[3,0,6],2,240
[1,1,0],0,28
[2,1,0],1,136
[3,1,0],2,244
[1,1,1],0,32
[2,1,1],1,140
[3,1,1],2,248
[1,1,2],0,36
[2,1,2],1,144
[3,1,2],2,252
[1,1,3],0,40
[2,1,3],1,148
[3,1,3],3,0
[1,1,4],0,44
[2,1,4],1,152
[3,1,4],3,4
[1,1,5],0,48
[2,1,5],1,156
[3,1,5],3,8
[1,1,6],0,52
[2,1,6],1,160
[3,1,6],3,12
[1,2,0],0,56
[2,2,0],1,164
[3,2,0],3,16
[1,2,1],0,60
[2,2,1],1,168
[3,2,1],3,20
[1,2,2],0,64
[2,2,2],1,172
[3,2,2],3,24
[1,2,3],0,68
[2,2,3],1,176
[3,2,3],3,28
[1,2,4],0,72
[2,2,4],1,180
[3,2,4],3,32
[1,2,5],0,76
[2,2,5],1,184
[3,2,5],3,36
[1,2,6],0,80
[2,2,6],1,188
[3,2,6],3,40
[1,3,0],0,84
[2,3,0],1,192
[3,3,0],3,44
[1,3,1],0,88
[2,3,1],1,196
[3,3,1],3,48
[1,3,2],0,92
[2,3,2],1,200
[3,3,2],3,52
[1,3,3],0,96
[2,3,3],1,204
[3,3,3],3,56
[1,3,4],0,100
[2,3,4],1,208
[3,3,4],3,60
[1,3,5],0,104
[2,3,5],1,212
[3,3,5],3,64
[1,3,6],0,108
[2,3,6],1,216
[3,3,6],3,68
[1,4,0],0,112
[2,4,0],1,220
[3,4,0],3,72
[1,4,1],0,116
[2,4,1],1,224
[3,4,1],3,76
[1,4,2],0,120
[2,4,2],1,228
[3,4,2],3,80
[1,4,3],0,124
[2,4,3],1,232
[3,4,3],3,84
[1,4,4],0,128
[2,4,4],1,236
[3,4,4],3,88
[1,4,5],0,132
[2,4,5],1,240
[3,4,5],3,92
[1,4,6],0,136
[2,4,6],1,244
[3,4,6],3,96
[1,5,0],0,140
[2,5,0],1,248
[3,5,0],3,100
[1,5,1],0,144
[2,5,1],1,252
[3,5,1],3,104
[1,5,2],0,148
[2,5,2],2,0
[3,5,2],3,108
[1,5,3],0,152
[2,5,3],2,4
[3,5,3],3,112
[1,5,4],0,156
[2,5,4],2,8
[3,5,4],3,116
[1,5,5],0,160
[2,5,5],2,12
[3,5,5],3,120
[1,5,6],0,164
[2,5,6],2,16
[3,5,6],3,124
[1,6,0],0,168
[2,6,0],2,20
[3,6,0],3,128
[1,6,1],0,172
[2,6,1],2,24
[3,6,1],3,132
[1,6,2],0,176
[2,6,2],2,28
[3,6,2],3,136
[1,6,3],0,180
[2,6,3],2,32
[3,6,3],3,140
[1,6,4],0,184
[2,6,4],2,36
[3,6,4],3,144
[1,6,5],0,188
[2,6,5],2,40
[3,6,5],3,148
[1,6,6],0,192
[2,6,6],2,44
[3,6,6],3,152
[1,7,0],0,196
[2,7,0],2,48
[3,7,0],3,156
[1,7,1],0,200
[2,7,1],2,52
[3,7,1],3,160
[1,7,2],0,204
[2,7,2],2,56
[3,7,2],3,164
[1,7,3],0,208
[2,7,3],2,60
[3,7,3],3,168
[1,7,4],0,212
[2,7,4],2,64
[3,7,4],3,172
[1,7,5],0,216
[2,7,5],2,68
[3,7,5],3,176
[1,7,6],0,220
[2,7,6],2,72
[3,7,6],3,180
[1,8,0],0,224
[2,8,0],2,76
[3,8,0],3,184
[1,8,1],0,228
[2,8,1],2,80
[3,8,1],3,188
[1,8,2],0,232
[2,8,2],2,84
[3,8,2],3,192
[1,8,3],0,236
[2,8,3],2,88
[3,8,3],3,196
[1,8,4],0,240
[2,8,4],2,92
[3,8,4],3,200
[1,8,5],0,244
[2,8,5],2,96
[3,8,5],3,204
[1,8,6],0,248
[2,8,6],2,100
[3,8,6],3,208
[1,9,0],0,252
[2,9,0],2,104
[3,9,0],3,212
[1,9,1],1,0
[2,9,1],2,108
[3,9,1],3,216
[1,9,2],1,4
[2,9,2],2,112
[3,9,2],3,220
[1,9,3],1,8
[2,9,3],2,116
[3,9,3],3,224
[1,9,4],1,12
[2,9,4],2,120
[3,9,4],3,228
[1,9,5],1,16
[2,9,5],2,124
[3,9,5],3,232
[1,9,6],1,20
[2,9,6],2,128
[3,9,6],3,236
[1,10,0],1,24
[2,10,0],2,132
[3,10,0],3,240
[1,10,1],1,28
[2,10,1],2,136
[3,10,1],3,244
[1,10,2],1,32
[2,10,2],2,140
[3,10,2],3,248
[1,10,3],1,36
[2,10,3],2,144
[3,10,3],3,252
[1,10,4],1,40
[2,10,4],2,148
[3,10,4],4,0
[1,10,5],1,44
[2,10,5],2,152
[3,10,5],4,4
[1,10,6],1,48
[2,10,6],2,156
[3,10,6],4,8
[1,11,0],1,52
[2,11,0],2,160
[3,11,0],4,12
[1,11,1],1,56
[2,11,1],2,164
[3,11,1],4,16
[1,11,2],1,60
[2,11,2],2,168
[3,11,2],4,20
[1,11,3],1,64
[2,11,3],2,172
[3,11,3],4,24
[1,11,4],1,68
[2,11,4],2,176
[3,11,4],4,28
[1,11,5],1,72
[2,11,5],2,180
[3,11,5],4,32
[1,11,6],1,76
[2,11,6],2,184
[3,11,6],4,36
[1,12,0],1,80
[2,12,0],2,188
[3,12,0],4,40
[1,12,1],1,84
[2,12,1],2,192
[3,12,1],4,44
[1,12,2],1,88
[2,12,2],2,196
[3,12,2],4,48
[1,12,3],1,92
[2,12,3],2,200
[3,12,3],4,52
[1,12,4],1,96
[2,12,4],2,204
[3,12,4],4,56
[1,12,5],1,100
[2,12,5],2,208
[3,12,5],4,60
[1,12,6],1,104
[2,12,6],2,212
[3,12,6],4,64
